1000.0    193                                                               
  988.0    287   -6.1   -9.0	 80   1.97    165      3  268.0  273.4  268.3
  984.0    319   -5.9   -9.0     79   1.98    166      5  268.5  274.0  268.8
  948.0    610   -8.0   -9.8     86   1.92    175     20  269.3  274.7  269.6
  935.0    717   -8.7  -10.1     90   1.91    189     24  269.6  274.9  269.9
  925.0    801   -7.1  -10.7     75   1.84    200     27  272.0  277.3  272.4
  920.0    843   -6.1  -11.0     68   1.80    206     29  273.5  278.7  273.8
  911.8    914   -5.3   -9.2     74   2.10    215     32  275.0  281.1  275.4
  904.0    981   -4.5   -7.5     80   2.42    216     29  276.5  283.4  276.9
  881.0   1185   -1.3  -12.3     43   1.70    219     20  281.9  286.9  282.2
  877.2   1219   -1.2  -13.5     39   1.55    220     19  282.3  287.0  282.6
  872.0   1267   -1.1  -15.1     34   1.36    222     19  282.9  287.1  283.1
  856.0   1414   -1.9  -13.9     39   1.53    228     18  283.6  288.2  283.8
  850.0   1470   -1.5  -16.5     31   1.25    230     18  284.6  288.4  284.8
  831.0   1650   -2.3  -17.3     31   1.19    240     18  285.6  289.3  285.8
  822.0   1736   -2.5  -13.5     43   1.65    245     17  286.2  291.3  286.5
  812.4   1829   -3.1  -14.7     41   1.52    250     17  286.5  291.2  286.8
  786.0   2090   -4.9  -17.9     35   1.20    254     15  287.4  291.1  287.6
  781.6   2134   -5.0  -18.7     33   1.12    255     15  287.7  291.2  287.9
  767.0   2282   -5.5  -21.5     27   0.90    265     18  288.7  291.6  288.9
  757.0   2384   -5.9  -15.9     45   1.47    271     20  289.4  293.9  289.6
  751.9   2438   -5.8  -17.5     39   1.29    275     21  290.0  294.1  290.3
  745.0   2510   -5.7  -19.7     32   1.08    271     22  290.9  294.4  291.1
  723.0   2743   -7.2  -20.6     33   1.03    260     26  291.8  295.1  292.0
  707.0   2918   -8.3  -21.3     34   0.99    263     25  292.4  295.6  292.6
  700.0   2995   -8.3  -21.3     34   1.00    265     25  293.3  296.5  293.4
  676.0   3266   -8.7  -22.7     31   0.92    267     24  295.8  298.8  295.9
  661.0   3440   -8.1  -26.1     22   0.69    268     24  298.3  300.7  298.5
  642.6   3658   -9.0  -24.7     27   0.81    270     23  299.7  302.4  299.8
  622.0   3910  -10.1  -23.1     34   0.96    272     24  301.3  304.5  301.4
  595.0   4251  -12.1  -20.1     51   1.31    275     26  302.8  307.1  303.0
  593.8   4267  -12.2  -20.3     51   1.29    275     26  302.9  307.2  303.1
  584.0   4394  -12.7  -21.7     47   1.16    275     27  303.7  307.6  303.9
  568.0   4605  -14.3  -21.3     55   1.24    275     29  304.2  308.4  304.5
  547.9   4877  -16.1  -24.6     48   0.96    275     31  305.2  308.5  305.4
  540.0   4987  -16.9  -25.9     46   0.86    274     32  305.6  308.5  305.7
  511.0   5399  -20.3  -27.3     54   0.80    271     34  306.3  309.1  306.5
  500.0   5560  -21.1  -29.1     49   0.69    270     35  307.2  309.7  307.4
  475.0   5936  -24.1  -32.1     48   0.55    270     36  308.1  310.0  308.2
  464.7   6096  -25.0  -39.5     25   0.27    270     36  308.9  309.9  308.9
  450.0   6329  -26.3  -50.3      9   0.09    270     33  310.1  310.4  310.1
  445.5   6401  -26.8  -50.8      8   0.08    270     32  310.4  310.7  310.4
  422.0   6790  -29.5  -53.5      8   0.06    267     41  311.8  312.0  311.8
  400.0   7170  -32.7  -51.7     13   0.08    265     49  312.4  312.7  312.4
  374.5   7620  -36.5  -53.3     16   0.07    265     51  313.3  313.6  313.3
  316.0   8778  -46.3  -57.3     28   0.05    261     60  315.3  315.5  315.3
  305.0   9012  -48.3  -61.3     21   0.03    260     62  315.7  315.8  315.7
  300.0   9120  -49.3  -61.3     23   0.03    260     63  315.8  315.9  315.8
  298.9   9144  -49.5  -61.5     23   0.03    260     63  315.8  315.9  315.8
  274.0   9712  -54.3  -65.3     25   0.02    258     72  316.8  316.9  316.8
  257.0  10124  -56.7  -67.7     24   0.02    256     78  319.1  319.2  319.1
  250.0  10300  -57.9  -67.9     27   0.02    255     81  319.9  319.9  319.9
  240.0  10556  -59.9  -67.9     34   0.02    258     86  320.6  320.7  320.6
  235.7  10668  -60.4  -68.1     36   0.02    260     88  321.5  321.6  321.5
  234.0  10713  -60.6  -68.2     36   0.02    260     88  321.8  321.9  321.8
  227.0  10901  -61.5  -68.5     39   0.02    260     83  323.3  323.4  323.3
  221.0  11067  -60.3  -69.3     30   0.02    260     82  327.6  327.7  327.6
  215.0  11238  -60.7  -71.7     22   0.01    260     81  329.6  329.6  329.6
  208.0  11445  -58.7  -73.7     13   0.01    260     80  335.9  335.9  335.9
  203.0  11597  -59.3  -75.3     11   0.01    260     79  337.3  337.3  337.3
  200.0  11690  -58.7  -75.7      9   0.01    260     78  339.6  339.7  339.6
  198.0  11753  -58.1  -77.1      7   0.01    259     76  341.6  341.6  341.6
  191.0  11978  -58.9  -79.9      5   0.00    254     71  343.8  343.9  343.8
  188.0  12078  -58.3  -81.3      4   0.00    252     68  346.4  346.4  346.4
  184.6  12192  -56.3  -82.0      3   0.00    250     65  351.4  351.4  351.4
  183.0  12248  -55.3  -82.3      2   0.00    250     66  353.9  353.9  353.9
  170.0  12714  -57.5  -89.5      1   0.00    250     73  357.8  357.8  357.8
  165.0  12902  -56.7  -88.7      1   0.00    250     76  362.2  362.2  362.2
  159.7  13106  -57.7  -89.3      1   0.00    250     79  363.8  363.8  363.8
  153.0  13376  -59.1  -90.1      1   0.00    259     59  366.0  366.0  366.0
  152.2  13411  -59.0  -90.0      1   0.00    260     56  366.7  366.7  366.7
  150.0  13500  -58.9  -89.9      1   0.00    265     56  368.4  368.4  368.4
  146.0  13670  -58.7  -89.7      1   0.00    253     59  371.6  371.6  371.6
  144.9  13716  -59.0  -90.0      1   0.00    250     60  371.9  371.9  371.9
  141.0  13888  -59.9  -90.9      1   0.00    256     64  373.2  373.2  373.2
  131.5  14326  -59.4  -90.4      1   0.00    270     74  381.7  381.7  381.7
  126.0  14592  -59.1  -90.1      1   0.00    270     68  386.9  386.9  386.9
  119.0  14949  -60.3  -91.3      1   0.00    270     60  391.0  391.0  391.0
  113.6  15240  -59.2  -90.2      1   0.00    270     53  398.3  398.3  398.3
  112.0  15328  -58.9  -89.9      1   0.00    270     51  400.5  400.5  400.5
  106.0  15673  -58.9  -89.9      1   0.00    270     44  406.8  406.8  406.8
  105.0  15733  -58.1  -90.1      1   0.00    270     43  409.4  409.5  409.4
  100.0  16040  -58.5  -89.5      1   0.00    270     36  414.4  414.4  414.4
   84.3  17109  -61.7  -91.7      1   0.00    273     39  428.7  428.7  428.7
   73.3  17983  -59.9  -90.7      1   0.00    275     41  450.0  450.0  450.0
   70.0  18270  -59.3  -90.3      1   0.00    280     31  457.2  457.2  457.2
   69.8  18288  -59.3  -90.3      1   0.00    275     31  457.6  457.6  457.6
   65.4  18697  -58.3  -89.3      1   0.00    273     28  468.3  468.3  468.3
   60.3  19202  -60.0  -91.0      1   0.00    270     25  475.5  475.5  475.5
   58.3  19416  -60.7  -91.7      1   0.00    253     29  478.6  478.6  478.6
   57.5  19507  -60.8  -91.8      1   0.00    245     31  480.4  480.4  480.4
   50.0  20370  -61.5  -92.5      1   0.00    275     23  498.1  498.1  498.1
   49.6  20422  -61.2  -92.2      1   0.00    275     23  500.0  500.0  500.0
   49.4  20445  -61.1  -92.1      1   0.00    274     24  500.8  500.8  500.8
   47.2  20726  -61.9  -92.6      1   0.00    260     36  505.6  505.6  505.6
   42.7  21336  -63.5  -93.8      1   0.00    290     37  516.1  516.1  516.1
   40.7  21641  -64.3  -94.4      1   0.00    290     42  521.4  521.4  521.4
   39.7  21790  -64.7  -94.7      1   0.00    291     42  524.0  524.0  524.0
   31.7  23165  -62.5  -92.5      1   0.00    305     40  564.6  564.7  564.6
   30.2  23470  -62.0  -92.0      1   0.00    290     40  574.1  574.1  574.1
   30.0  23510  -61.9  -91.9      1   0.00    290     39  575.3  575.3  575.3
   28.3  23872  -61.5  -92.5      1   0.00    290     38  586.1  586.1  586.1
   27.4  24072  -62.5  -92.5      1   0.00    290     38  588.7  588.8  588.7
   26.1  24384  -61.5  -92.2      1   0.00    290     37  600.1  600.1  600.1
   25.5  24517  -61.1  -92.1      1   0.00    289     37  604.9  605.0  604.9
   23.0  25158  -61.3  -92.3      1   0.00    282     35  622.5  622.5  622.5
   22.5  25298  -61.8  -92.6      1   0.00    280     35  625.2  625.2  625.2
   20.0  26020  -64.1  -94.1      1   0.00    275     44  639.2  639.3  639.2
   19.0  26333  -64.9  -94.9      1   0.00    275     46  646.2  646.2  646.2
   15.8  27432  -70.5  -98.9      1   0.00    275     52  662.7  662.8  662.7
   15.1  27707  -71.9  -99.9      1   0.00    274     55  666.9  666.9  666.9
   13.3  28455  -71.1  -99.1      1   0.00    269     64  694.2  694.2  694.2
   12.1  29019  -66.5  -95.5      1   0.00    266     71  729.5  729.5  729.5
   10.8  29706  -65.9  -94.9      1   0.00    263     79  755.7  755.8  755.7
   10.0  30170  -67.9  -96.9      1   0.00    260     85  765.1  765.1  765.1
    9.6  30416  -67.5  -96.5      1   0.00    260     87  775.6  775.6  775.6
    9.5  30480  -68.0  -96.8      1   0.00    260     87  776.1  776.2  776.1
    9.1  30736  -69.9  -97.9      1   0.00                778.3  778.4  778.3
    8.6  31073  -68.5  -97.5      1   0.00                796.4  796.5  796.5